<?xml version="1.0"?>
<opencv_storage>
<calibration_Time>"Sat Oct 17 19:20:08 2015"</calibration_Time>
<nrOfFrames>11</nrOfFrames>
<image_Width>1440</image_Width>
<image_Height>1080</image_Height>
<board_Width>8</board_Width>
<board_Height>6</board_Height>
<square_Size>24.</square_Size>
<!-- flags:  +fix_principal_point +zero_tangent_dist -->
<flagValue>12</flagValue>
<Camera_Matrix type_id="opencv-matrix">
  <rows>3</rows>
  <cols>3</cols>
  <dt>d</dt>
  <data>
    1.4378569168325937e+03 0. 7.1950000000000000e+02 0.
    1.9551169711394084e+03 5.3950000000000000e+02 0. 0. 1.</data></Camera_Matrix>
<Distortion_Coefficients type_id="opencv-matrix">
  <rows>5</rows>
  <cols>1</cols>
  <dt>d</dt>
  <data>
    -9.9773137075827759e-02 -6.2676755942713003e-01 0. 0.
    8.5344632873479753e+00</data></Distortion_Coefficients>
<Avg_Reprojection_Error>6.6409067297804392e-01</Avg_Reprojection_Error>
<Per_View_Reprojection_Errors type_id="opencv-matrix">
  <rows>11</rows>
  <cols>1</cols>
  <dt>f</dt>
  <data>
    6.13916934e-01 5.64375758e-01 8.90733659e-01 5.87005317e-01
    7.01958895e-01 8.67933750e-01 7.95935333e-01 6.05183542e-01
    5.34503579e-01 4.68285143e-01 5.16705453e-01</data></Per_View_Reprojection_Errors>
<!-- a set of 6-tuples (rotation vector + translation vector) for each view -->
<Extrinsic_Parameters type_id="opencv-matrix">
  <rows>11</rows>
  <cols>6</cols>
  <dt>d</dt>
  <data>
    -1.5018776987831101e-01 1.6395899463124752e-01
    -1.0032814150621636e-03 -1.1813092534387626e+02
    -7.2745080572952304e+01 6.9849529090941223e+02
    1.6263816820892094e-02 1.2348585183341075e-01 4.9116645686637775e-02
    -1.2888924182863181e+02 -6.7010598834700616e+01
    6.8801142729273408e+02 -1.8461677181921682e-02
    2.0670504785976029e-01 -5.2630916993022615e-02
    -1.5854680155700137e+02 -3.9141124335901459e+01
    7.2905875692962525e+02 -1.0610922635987073e-01
    1.1132095760735147e-01 -7.2307612068400973e-02
    -2.2343193332897101e+02 -1.6954888915018369e+01
    8.6248078913277027e+02 -3.7437435707523226e-02
    1.0371355076568634e-01 -4.3655689744863273e-02
    -1.2099020576777659e+02 -6.7285993619375560e+01
    5.6539614591018562e+02 -3.9767309024803618e-02
    1.5498021263040246e-01 -7.6258742514944914e-03
    -1.0429441795480479e+02 -6.6950458561117259e+01
    4.5662017622720941e+02 -3.7561966220391679e-02
    1.3258648072523116e-01 9.3481305021920272e-03
    -9.8576129056009094e+01 -6.0644826581138616e+01
    4.4078903029769151e+02 -6.7302873691758455e-02
    8.9418919289012563e-02 -1.7100295853816175e-02
    -1.0754547665714824e+02 -5.5406750606412231e+01
    6.2528402517232576e+02 -6.5119717422033555e-02
    9.1916901711626128e-02 -7.2826124609103204e-02
    -8.9366526184793969e+01 -5.4858016826647059e+01
    6.4049130618947936e+02 -8.7741086300170759e-02
    8.8319284388404848e-02 -4.3047426804818552e-02
    -8.0441985952368370e+01 -6.2900924611089849e+01
    6.8697207204447182e+02 -2.4877555953507563e-01
    8.1928306117827976e-02 -1.8861262614916784e-02
    -7.2170560823628406e+01 -1.4578091049726474e+00
    9.3146422272991015e+02</data></Extrinsic_Parameters>
<Image_points type_id="opencv-matrix">
  <rows>11</rows>
  <cols>48</cols>
  <dt>"2f"</dt>
  <data>
    4.77594788e+02 3.36468323e+02 5.24840149e+02 3.34151001e+02
    5.72582764e+02 3.31813141e+02 6.20937683e+02 3.29728607e+02
    6.70452515e+02 3.27631439e+02 7.20060791e+02 3.25396088e+02
    7.69964844e+02 3.22684875e+02 8.20311523e+02 3.20261261e+02
    4.75708252e+02 4.02293091e+02 5.23207642e+02 4.00605621e+02
    5.71281799e+02 3.98707031e+02 6.19934631e+02 3.96862366e+02
    6.69584045e+02 3.95380157e+02 7.19482605e+02 3.93398804e+02
    7.69928284e+02 3.91360443e+02 8.20638000e+02 3.89540802e+02
    4.73769653e+02 4.68527863e+02 5.21656067e+02 4.67411377e+02
    5.69813538e+02 4.66218262e+02 6.18781433e+02 4.64690735e+02
    6.68935974e+02 4.63326019e+02 7.19145386e+02 4.62138397e+02
    7.69643616e+02 4.60329742e+02 8.20904053e+02 4.58542206e+02
    4.71454651e+02 5.34620667e+02 5.19829407e+02 5.34327148e+02
    5.68415039e+02 5.33583435e+02 6.17754578e+02 5.32619141e+02
    6.68128784e+02 5.31637024e+02 7.18799194e+02 5.30510498e+02
    7.69600037e+02 5.29186768e+02 8.21115601e+02 5.28214539e+02
    4.69249573e+02 6.01978394e+02 5.17990723e+02 6.02358521e+02
    5.66841614e+02 6.01651611e+02 6.16541687e+02 6.01425049e+02
    6.67325256e+02 6.00834229e+02 7.18295349e+02 6.00577393e+02
    7.69506287e+02 5.99378296e+02 8.21319641e+02 5.98667114e+02
    4.66611816e+02 6.69604126e+02 5.15857239e+02 6.70214050e+02
    5.65195068e+02 6.70567200e+02 6.15424255e+02 6.70579529e+02
    6.66153259e+02 6.70633789e+02 7.17799316e+02 6.70638000e+02
    7.69112061e+02 6.70337524e+02 8.21415466e+02 6.69666748e+02
    4.52095978e+02 3.49467010e+02 5.00024994e+02 3.52177032e+02
    5.48315735e+02 3.54632019e+02 5.97605042e+02 3.57301697e+02
    6.47835205e+02 3.59730408e+02 6.97792908e+02 3.62144012e+02
    7.48446716e+02 3.64723938e+02 7.99261108e+02 3.67328156e+02
    4.49655304e+02 4.17741547e+02 4.97705719e+02 4.20695770e+02
    5.45988098e+02 4.23561523e+02 5.95333435e+02 4.26380341e+02
    6.45008972e+02 4.29331635e+02 6.95576782e+02 4.32375488e+02
    7.46070129e+02 4.35367737e+02 7.97339783e+02 4.38222687e+02
    4.47294922e+02 4.85624817e+02 4.95437195e+02 4.88744324e+02
    5.43832214e+02 4.92298096e+02 5.92962769e+02 4.95473389e+02
    6.43154114e+02 4.98621887e+02 6.93746887e+02 5.02096558e+02
    7.44046814e+02 5.05358795e+02 7.95073914e+02 5.08442139e+02
    4.44580811e+02 5.52711731e+02 4.92854462e+02 5.56427795e+02
    5.41633850e+02 5.60235046e+02 5.90859070e+02 5.63876831e+02
    6.40724121e+02 5.67516663e+02 6.91324890e+02 5.70970215e+02
    7.41989441e+02 5.74585876e+02 7.93008240e+02 5.78389099e+02
    4.41954773e+02 6.20587097e+02 4.90306732e+02 6.24560181e+02
    5.39336548e+02 6.28707825e+02 5.88577209e+02 6.32702881e+02
    6.38521423e+02 6.36551453e+02 6.89074768e+02 6.40635071e+02
    7.39760010e+02 6.44589355e+02 7.90889282e+02 6.48214661e+02
    4.38958282e+02 6.87648804e+02 4.87865448e+02 6.92556152e+02
    5.36706421e+02 6.97052917e+02 5.86324280e+02 7.01309143e+02
    6.36308838e+02 7.05697510e+02 6.86927124e+02 7.09719238e+02
    7.37365540e+02 7.13706299e+02 7.88516663e+02 7.17603699e+02
    4.09149963e+02 4.34307037e+02 4.52466095e+02 4.30059753e+02
    4.97417389e+02 4.26105042e+02 5.42158020e+02 4.22143860e+02
    5.88361145e+02 4.17284607e+02 6.34335999e+02 4.12494781e+02
    6.82277710e+02 4.08383911e+02 7.29200684e+02 4.03276672e+02
    4.10951202e+02 4.98392883e+02 4.55239685e+02 4.95242615e+02
    4.99194611e+02 4.91175964e+02 5.44391479e+02 4.87383240e+02
    5.90814758e+02 4.83810272e+02 6.37981506e+02 4.79710022e+02
    6.84588501e+02 4.75535980e+02 7.33184143e+02 4.71462189e+02
    4.13523193e+02 5.63247314e+02 4.57203156e+02 5.59903076e+02
    5.02147156e+02 5.57128357e+02 5.46529907e+02 5.53466553e+02
    5.94110901e+02 5.50262207e+02 6.40168579e+02 5.46188599e+02
    6.87255127e+02 5.42093628e+02 7.35160645e+02 5.38602234e+02
    4.14233459e+02 6.26438538e+02 4.59380371e+02 6.24197937e+02
    5.03341919e+02 6.21463074e+02 5.49280884e+02 6.18246155e+02
    5.95598450e+02 6.15426697e+02 6.43486816e+02 6.13319336e+02
    6.89982666e+02 6.08428833e+02 7.38928833e+02 6.06132446e+02
    4.16520538e+02 6.91273193e+02 4.61091400e+02 6.89111816e+02
    5.06696198e+02 6.86877808e+02 5.50937134e+02 6.83391418e+02
    5.98964783e+02 6.82344543e+02 6.45325562e+02 6.79414246e+02
    6.93332703e+02 6.76635559e+02 7.41385376e+02 6.73659424e+02
    4.16702576e+02 7.54230469e+02 4.62376709e+02 7.53468689e+02
    5.08359406e+02 7.52185242e+02 5.54244202e+02 7.50357727e+02
    6.00914429e+02 7.48628174e+02 6.48319153e+02 7.46200562e+02
    6.95399719e+02 7.43204163e+02 7.44808777e+02 7.41341919e+02
    3.50211578e+02 5.01339081e+02 3.87911224e+02 4.97021118e+02
    4.25931610e+02 4.92572052e+02 4.64400055e+02 4.87878448e+02
